150 5587
1 4
1 5
1 9
1 11
1 12
1 14
1 15
1 16
1 19
1 20
1 21
1 23
1 24
1 27
1 28
1 29
1 30
1 31
1 32
1 34
1 38
1 39
1 43
1 44
1 48
1 49
1 50
1 51
1 53
1 54
1 55
1 57
1 58
1 59
1 60
1 62
1 63
1 65
1 66
1 68
1 71
1 72
1 73
1 74
1 76
1 77
1 78
1 79
1 81
1 82
1 84
1 87
1 90
1 91
1 92
1 94
1 95
1 96
1 98
1 102
1 106
1 110
1 111
1 113
1 114
1 115
1 119
1 120
1 121
1 122
1 123
1 124
1 128
1 129
1 137
1 139
1 142
1 146
1 149
2 5
2 6
2 8
2 9
2 11
2 12
2 13
2 14
2 18
2 19
2 22
2 25
2 28
2 30
2 31
2 32
2 35
2 36
2 38
2 42
2 43
2 46
2 49
2 50
2 51
2 54
2 56
2 58
2 64
2 65
2 67
2 68
2 73
2 76
2 77
2 79
2 80
2 81
2 82
2 84
2 85
2 86
2 88
2 97
2 99
2 101
2 103
2 104
2 105
2 107
2 109
2 110
2 113
2 114
2 115
2 117
2 121
2 127
2 129
2 130
2 135
2 136
2 139
2 140
2 146
2 147
2 148
3 8
3 9
3 13
3 15
3 16
3 17
3 18
3 20
3 21
3 25
3 28
3 34
3 35
3 39
3 40
3 42
3 44
3 45
3 47
3 51
3 53
3 54
3 55
3 56
3 57
3 59
3 63
3 64
3 66
3 67
3 68
3 71
3 73
3 75
3 76
3 78
3 79
3 81
3 82
3 83
3 84
3 85
3 87
3 88
3 89
3 91
3 92
3 93
3 97
3 100
3 101
3 104
3 105
3 107
3 108
3 109
3 110
3 111
3 113
3 114
3 116
3 117
3 118
3 119
3 120
3 122
3 124
3 126
3 127
3 129
3 131
3 132
3 133
3 135
3 143
3 144
3 145
3 146
3 147
4 6
4 8
4 9
4 12
4 13
4 14
4 19
4 22
4 23
4 26
4 29
4 30
4 32
4 35
4 37
4 38
4 39
4 43
4 44
4 46
4 51
4 54
4 55
4 56
4 57
4 58
4 61
4 62
4 63
4 67
4 69
4 70
4 72
4 74
4 75
4 76
4 81
4 82
4 83
4 85
4 88
4 89
4 91
4 96
4 101
4 104
4 107
4 111
4 115
4 117
4 118
4 119
4 122
4 123
4 124
4 125
4 127
4 133
4 135
4 137
4 139
4 141
4 144
4 146
4 147
4 148
5 7
5 16
5 17
5 25
5 28
5 29
5 30
5 31
5 33
5 35
5 39
5 40
5 42
5 44
5 46
5 47
5 48
5 49
5 50
5 54
5 55
5 58
5 59
5 60
5 61
5 66
5 67
5 68
5 69
5 70
5 71
5 73
5 74
5 76
5 80
5 81
5 83
5 85
5 87
5 91
5 96
5 100
5 102
5 103
5 112
5 113
5 115
5 117
5 120
5 121
5 122
5 123
5 124
5 125
5 126
5 128
5 129
5 131
5 132
5 134
5 136
5 137
5 139
5 143
5 146
5 148
5 150
6 7
6 8
6 11
6 12
6 16
6 22
6 23
6 27
6 28
6 30
6 34
6 35
6 38
6 40
6 42
6 47
6 50
6 51
6 52
6 53
6 54
6 55
6 56
6 57
6 58
6 60
6 61
6 62
6 63
6 64
6 65
6 66
6 72
6 73
6 74
6 75
6 76
6 77
6 78
6 80
6 81
6 83
6 84
6 86
6 88
6 89
6 90
6 93
6 95
6 97
6 99
6 101
6 102
6 103
6 104
6 105
6 106
6 107
6 108
6 110
6 114
6 115
6 116
6 118
6 119
6 120
6 121
6 124
6 125
6 126
6 127
6 128
6 131
6 132
6 134
6 136
6 137
6 140
6 143
6 146
6 147
6 148
6 149
7 9
7 10
7 13
7 14
7 15
7 17
7 21
7 23
7 24
7 25
7 28
7 29
7 30
7 31
7 32
7 33
7 34
7 35
7 36
7 37
7 38
7 41
7 42
7 45
7 47
7 48
7 49
7 51
7 53
7 56
7 58
7 60
7 65
7 66
7 67
7 68
7 69
7 70
7 71
7 72
7 74
7 77
7 78
7 81
7 83
7 86
7 88
7 92
7 93
7 94
7 96
7 100
7 105
7 107
7 109
7 110
7 111
7 114
7 117
7 119
7 121
7 122
7 123
7 127
7 128
7 129
7 130
7 133
7 134
7 137
7 138
7 140
7 141
7 142
7 143
7 145
7 147
7 150
8 9
8 12
8 14
8 16
8 22
8 23
8 24
8 25
8 26
8 27
8 29
8 30
8 34
8 35
8 39
8 40
8 42
8 44
8 45
8 47
8 50
8 51
8 52
8 54
8 55
8 56
8 57
8 59
8 60
8 62
8 63
8 64
8 65
8 66
8 67
8 70
8 72
8 73
8 74
8 75
8 76
8 77
8 78
8 79
8 80
8 82
8 83
8 85
8 86
8 88
8 90
8 91
8 92
8 94
8 96
8 99
8 100
8 101
8 102
8 103
8 104
8 105
8 107
8 109
8 111
8 114
8 115
8 116
8 117
8 120
8 121
8 122
8 123
8 124
8 126
8 129
8 134
8 138
8 139
8 140
8 141
8 144
8 145
8 147
8 148
8 149
9 13
9 17
9 19
9 22
9 23
9 25
9 29
9 30
9 34
9 35
9 39
9 43
9 45
9 46
9 51
9 52
9 53
9 55
9 57
9 58
9 61
9 62
9 67
9 69
9 70
9 73
9 76
9 78
9 79
9 81
9 82
9 83
9 84
9 87
9 88
9 89
9 90
9 91
9 92
9 93
9 94
9 95
9 96
9 97
9 101
9 103
9 104
9 105
9 106
9 114
9 115
9 116
9 117
9 119
9 123
9 124
9 125
9 126
9 127
9 132
9 138
9 139
9 142
9 144
9 145
9 146
9 150
10 12
10 15
10 16
10 18
10 21
10 22
10 23
10 24
10 25
10 26
10 27
10 28
10 29
10 32
10 33
10 38
10 40
10 42
10 46
10 48
10 49
10 51
10 52
10 53
10 56
10 57
10 58
10 59
10 60
10 61
10 64
10 65
10 66
10 68
10 69
10 83
10 84
10 88
10 89
10 91
10 92
10 93
10 95
10 96
10 97
10 104
10 105
10 110
10 111
10 114
10 116
10 119
10 122
10 123
10 125
10 126
10 129
10 130
10 139
10 140
10 146
10 148
10 149
10 150
11 12
11 14
11 15
11 17
11 18
11 20
11 21
11 22
11 24
11 29
11 34
11 35
11 41
11 43
11 46
11 51
11 53
11 55
11 60
11 61
11 67
11 68
11 74
11 77
11 78
11 80
11 81
11 84
11 86
11 87
11 89
11 92
11 93
11 94
11 96
11 99
11 102
11 105
11 106
11 108
11 109
11 110
11 113
11 115
11 120
11 121
11 123
11 126
11 127
11 130
11 131
11 133
11 135
11 136
11 137
11 140
11 145
11 147
11 149
11 150
12 13
12 19
12 20
12 21
12 25
12 26
12 27
12 30
12 31
12 35
12 37
12 43
12 46
12 47
12 49
12 51
12 52
12 53
12 59
12 61
12 68
12 69
12 73
12 77
12 78
12 79
12 80
12 81
12 85
12 87
12 92
12 94
12 95
12 101
12 102
12 103
12 112
12 114
12 117
12 118
12 119
12 120
12 121
12 125
12 129
12 131
12 133
12 135
12 136
12 138
12 140
12 141
12 142
12 143
12 145
12 146
12 149
13 16
13 17
13 22
13 26
13 33
13 34
13 36
13 38
13 39
13 43
13 45
13 46
13 47
13 49
13 50
13 52
13 54
13 56
13 57
13 59
13 61
13 65
13 67
13 69
13 70
13 74
13 78
13 81
13 82
13 83
13 86
13 90
13 91
13 92
13 93
13 95
13 98
13 102
13 103
13 104
13 106
13 107
13 108
13 112
13 114
13 118
13 119
13 120
13 122
13 125
13 126
13 131
13 132
13 134
13 138
13 139
13 140
13 142
13 143
13 145
13 149
13 150
14 15
14 26
14 27
14 32
14 36
14 38
14 41
14 44
14 45
14 47
14 49
14 51
14 55
14 58
14 65
14 67
14 69
14 72
14 73
14 74
14 77
14 78
14 79
14 80
14 81
14 82
14 83
14 84
14 86
14 88
14 89
14 90
14 91
14 93
14 96
14 99
14 100
14 101
14 104
14 105
14 106
14 108
14 112
14 115
14 117
14 118
14 122
14 123
14 125
14 126
14 131
14 133
14 138
14 140
14 141
14 146
14 147
15 16
15 17
15 18
15 19
15 20
15 21
15 24
15 25
15 26
15 27
15 28
15 29
15 31
15 32
15 36
15 37
15 39
15 40
15 42
15 44
15 45
15 46
15 48
15 50
15 54
15 58
15 60
15 61
15 62
15 63
15 65
15 67
15 68
15 70
15 72
15 73
15 74
15 75
15 76
15 85
15 86
15 91
15 92
15 93
15 94
15 96
15 97
15 98
15 99
15 101
15 103
15 106
15 107
15 108
15 112
15 113
15 115
15 116
15 121
15 124
15 125
15 129
15 130
15 131
15 132
15 133
15 134
15 140
15 144
15 145
15 146
15 147
15 148
15 149
16 17
16 18
16 19
16 20
16 21
16 22
16 24
16 26
16 27
16 28
16 34
16 38
16 43
16 44
16 46
16 47
16 49
16 52
16 53
16 56
16 61
16 64
16 65
16 66
16 67
16 69
16 72
16 73
16 74
16 77
16 78
16 81
16 83
16 85
16 86
16 89
16 93
16 95
16 99
16 102
16 103
16 104
16 106
16 108
16 109
16 110
16 111
16 112
16 113
16 114
16 117
16 118
16 119
16 122
16 123
16 124
16 125
16 130
16 131
16 132
16 133
16 135
16 138
16 140
16 145
16 146
16 147
16 148
16 149
17 20
17 30
17 35
17 36
17 38
17 40
17 44
17 45
17 46
17 47
17 50
17 51
17 52
17 54
17 55
17 56
17 57
17 58
17 64
17 66
17 67
17 69
17 71
17 72
17 74
17 76
17 79
17 80
17 81
17 83
17 84
17 87
17 89
17 91
17 93
17 97
17 100
17 101
17 102
17 103
17 107
17 108
17 109
17 111
17 113
17 115
17 116
17 117
17 118
17 119
17 121
17 123
17 125
17 128
17 129
17 130
17 132
17 133
17 136
17 138
17 144
17 146
18 20
18 21
18 24
18 25
18 26
18 28
18 30
18 32
18 36
18 40
18 42
18 43
18 44
18 46
18 47
18 48
18 52
18 56
18 61
18 64
18 65
18 68
18 69
18 70
18 71
18 76
18 77
18 78
18 79
18 83
18 85
18 87
18 91
18 93
18 94
18 95
18 98
18 100
18 101
18 103
18 104
18 105
18 108
18 109
18 113
18 115
18 117
18 118
18 119
18 120
18 121
18 123
18 124
18 125
18 126
18 127
18 129
18 130
18 134
18 136
18 137
18 138
18 139
18 143
18 144
18 145
18 148
18 150
19 21
19 24
19 25
19 27
19 28
19 32
19 33
19 36
19 37
19 40
19 43
19 44
19 46
19 48
19 49
19 53
19 59
19 61
19 64
19 67
19 68
19 69
19 70
19 74
19 79
19 80
19 82
19 83
19 84
19 86
19 88
19 99
19 101
19 105
19 107
19 109
19 114
19 115
19 117
19 118
19 121
19 122
19 123
19 124
19 126
19 128
19 129
19 130
19 131
19 133
19 134
19 135
19 136
19 138
19 139
19 142
19 145
19 148
20 21
20 23
20 26
20 27
20 31
20 39
20 40
20 41
20 42
20 47
20 54
20 57
20 59
20 60
20 61
20 65
20 68
20 69
20 70
20 72
20 73
20 84
20 86
20 88
20 89
20 90
20 98
20 100
20 101
20 102
20 103
20 106
20 107
20 110
20 111
20 113
20 115
20 117
20 120
20 121
20 123
20 124
20 127
20 132
20 133
20 140
20 143
20 145
20 146
20 147
20 149
21 22
21 23
21 24
21 25
21 28
21 29
21 30
21 32
21 34
21 38
21 46
21 47
21 50
21 51
21 52
21 53
21 54
21 55
21 59
21 60
21 61
21 62
21 65
21 68
21 69
21 70
21 72
21 73
21 76
21 79
21 82
21 85
21 90
21 91
21 92
21 96
21 97
21 102
21 104
21 105
21 106
21 108
21 115
21 116
21 119
21 120
21 122
21 124
21 125
21 127
21 128
21 130
21 131
21 132
21 134
21 135
21 136
21 139
21 141
21 147
21 148
21 149
21 150
22 23
22 25
22 26
22 30
22 32
22 34
22 39
22 40
22 41
22 42
22 44
22 47
22 50
22 52
22 53
22 54
22 55
22 56
22 57
22 58
22 60
22 61
22 62
22 63
22 64
22 65
22 68
22 69
22 71
22 72
22 73
22 74
22 76
22 77
22 78
22 82
22 86
22 88
22 89
22 95
22 99
22 101
22 102
22 104
22 105
22 108
22 109
22 117
22 118
22 119
22 120
22 122
22 123
22 127
22 128
22 129
22 131
22 132
22 133
22 134
22 139
22 141
22 142
22 145
22 146
22 148
22 150
23 25
23 27
23 30
23 32
23 33
23 36
23 38
23 39
23 40
23 41
23 43
23 45
23 48
23 49
23 53
23 54
23 55
23 56
23 57
23 58
23 60
23 64
23 65
23 69
23 70
23 72
23 73
23 76
23 81
23 82
23 83
23 84
23 85
23 87
23 88
23 90
23 93
23 94
23 95
23 98
23 101
23 103
23 106
23 108
23 109
23 110
23 111
23 112
23 117
23 118
23 119
23 121
23 122
23 125
23 127
23 128
23 129
23 130
23 136
23 139
23 142
23 144
23 145
23 149
23 150
24 25
24 26
24 31
24 32
24 36
24 39
24 42
24 45
24 48
24 51
24 54
24 61
24 62
24 63
24 64
24 67
24 68
24 70
24 71
24 74
24 75
24 77
24 78
24 79
24 84
24 85
24 87
24 91
24 94
24 95
24 96
24 100
24 103
24 104
24 105
24 106
24 109
24 110
24 114
24 117
24 118
24 119
24 123
24 127
24 129
24 131
24 134
24 137
24 138
24 141
24 143
24 145
24 148
24 150
25 29
25 32
25 33
25 35
25 37
25 39
25 41
25 43
25 45
25 47
25 48
25 50
25 52
25 53
25 54
25 56
25 57
25 59
25 60
25 69
25 71
25 72
25 73
25 74
25 76
25 77
25 78
25 81
25 82
25 83
25 84
25 88
25 90
25 91
25 92
25 97
25 99
25 101
25 102
25 104
25 106
25 108
25 109
25 110
25 115
25 116
25 117
25 118
25 120
25 123
25 126
25 127
25 130
25 131
25 132
25 133
25 134
25 135
25 136
25 140
25 141
25 145
25 147
25 148
25 149
26 31
26 33
26 34
26 37
26 38
26 39
26 41
26 44
26 45
26 46
26 48
26 49
26 52
26 54
26 55
26 57
26 60
26 61
26 62
26 64
26 66
26 68
26 70
26 71
26 72
26 73
26 77
26 79
26 80
26 81
26 82
26 86
26 90
26 92
26 94
26 96
26 97
26 99
26 101
26 103
26 104
26 105
26 110
26 111
26 112
26 117
26 120
26 121
26 127
26 131
26 134
26 135
26 136
26 142
26 144
26 147
26 148
26 149
26 150
27 29
27 31
27 32
27 34
27 36
27 40
27 41
27 42
27 43
27 45
27 46
27 48
27 49
27 50
27 52
27 53
27 54
27 57
27 58
27 60
27 61
27 62
27 63
27 64
27 67
27 68
27 74
27 80
27 81
27 82
27 85
27 86
27 87
27 90
27 93
27 97
27 100
27 103
27 104
27 106
27 108
27 112
27 114
27 116
27 117
27 118
27 120
27 123
27 129
27 130
27 132
27 134
27 135
27 138
27 139
27 140
27 141
27 142
27 143
27 145
27 146
27 147
27 148
28 29
28 30
28 32
28 33
28 34
28 35
28 37
28 39
28 40
28 43
28 44
28 48
28 49
28 51
28 53
28 54
28 56
28 57
28 58
28 60
28 61
28 63
28 64
28 67
28 68
28 70
28 73
28 74
28 75
28 76
28 83
28 85
28 87
28 88
28 97
28 98
28 102
28 103
28 106
28 109
28 111
28 114
28 116
28 117
28 118
28 119
28 120
28 121
28 126
28 127
28 128
28 129
28 134
28 136
28 137
28 141
28 142
28 143
28 145
28 147
28 150
29 30
29 34
29 37
29 38
29 39
29 41
29 43
29 44
29 47
29 54
29 56
29 59
29 60
29 61
29 64
29 65
29 66
29 67
29 68
29 69
29 70
29 73
29 77
29 78
29 81
29 82
29 83
29 84
29 87
29 88
29 93
29 94
29 95
29 97
29 102
29 103
29 105
29 107
29 108
29 111
29 112
29 113
29 114
29 115
29 116
29 117
29 118
29 120
29 121
29 122
29 123
29 125
29 127
29 130
29 132
29 133
29 134
29 135
29 136
29 138
29 141
29 142
29 144
29 145
29 146
29 147
29 148
30 31
30 34
30 36
30 40
30 43
30 44
30 47
30 48
30 49
30 51
30 52
30 57
30 58
30 59
30 61
30 62
30 64
30 65
30 66
30 67
30 71
30 72
30 74
30 75
30 76
30 78
30 80
30 81
30 84
30 85
30 87
30 91
30 92
30 95
30 97
30 98
30 101
30 102
30 103
30 104
30 105
30 109
30 112
30 113
30 114
30 116
30 117
30 119
30 120
30 123
30 125
30 126
30 130
30 134
30 135
30 139
30 142
30 143
30 144
30 145
30 147
30 150
31 32
31 33
31 35
31 37
31 39
31 40
31 42
31 44
31 45
31 46
31 49
31 50
31 51
31 55
31 59
31 60
31 62
31 66
31 67
31 70
31 72
31 73
31 78
31 82
31 84
31 85
31 86
31 87
31 90
31 92
31 93
31 99
31 101
31 106
31 107
31 109
31 110
31 113
31 114
31 115
31 116
31 119
31 121
31 122
31 123
31 124
31 125
31 127
31 128
31 129
31 134
31 136
31 138
31 141
31 144
31 150
32 33
32 37
32 38
32 39
32 40
32 41
32 44
32 47
32 48
32 53
32 57
32 58
32 59
32 61
32 63
32 64
32 65
32 69
32 70
32 72
32 73
32 74
32 75
32 76
32 77
32 78
32 80
32 81
32 82
32 84
32 86
32 89
32 90
32 91
32 93
32 96
32 101
32 105
32 110
32 111
32 112
32 113
32 115
32 117
32 118
32 120
32 122
32 124
32 125
32 126
32 130
32 132
32 134
32 137
32 142
32 144
32 146
32 147
32 148
32 150
33 34
33 36
33 38
33 39
33 41
33 42
33 44
33 45
33 46
33 49
33 50
33 52
33 53
33 54
33 55
33 58
33 61
33 63
33 65
33 66
33 67
33 69
33 71
33 72
33 75
33 76
33 77
33 79
33 80
33 83
33 84
33 85
33 88
33 89
33 91
33 92
33 94
33 95
33 96
33 97
33 98
33 102
33 103
33 105
33 107
33 109
33 113
33 114
33 116
33 117
33 121
33 125
33 127
33 130
33 132
33 133
33 134
33 137
33 138
33 140
33 141
33 143
33 144
33 147
33 148
33 150
34 35
34 41
34 43
34 45
34 46
34 48
34 50
34 55
34 60
34 61
34 62
34 66
34 67
34 69
34 71
34 75
34 76
34 78
34 82
34 83
34 84
34 87
34 89
34 90
34 91
34 94
34 97
34 98
34 102
34 104
34 105
34 108
34 109
34 110
34 112
34 114
34 116
34 117
34 118
34 120
34 121
34 124
34 125
34 130
34 133
34 134
34 135
34 137
34 138
34 139
34 141
34 142
34 149
34 150
35 36
35 37
35 40
35 41
35 42
35 43
35 49
35 50
35 55
35 65
35 67
35 68
35 69
35 70
35 71
35 73
35 76
35 78
35 80
35 81
35 83
35 86
35 87
35 88
35 92
35 93
35 94
35 95
35 96
35 97
35 99
35 100
35 101
35 102
35 104
35 107
35 108
35 112
35 113
35 119
35 121
35 123
35 125
35 126
35 129
35 130
35 132
35 133
35 134
35 136
35 137
35 140
35 144
35 145
35 146
35 147
35 149
35 150
36 37
36 40
36 41
36 43
36 45
36 46
36 47
36 50
36 51
36 52
36 53
36 58
36 59
36 60
36 61
36 63
36 64
36 65
36 66
36 67
36 68
36 69
36 71
36 72
36 75
36 76
36 77
36 84
36 88
36 90
36 91
36 95
36 98
36 105
36 107
36 112
36 114
36 116
36 117
36 119
36 120
36 121
36 124
36 125
36 126
36 127
36 128
36 129
36 131
36 132
36 133
36 135
36 136
36 137
36 138
36 139
36 140
36 141
36 150
37 38
37 40
37 41
37 42
37 45
37 46
37 51
37 53
37 54
37 55
37 56
37 62
37 64
37 67
37 68
37 73
37 75
37 77
37 78
37 79
37 81
37 82
37 84
37 85
37 89
37 90
37 91
37 93
37 95
37 96
37 100
37 102
37 103
37 104
37 107
37 110
37 111
37 112
37 117
37 121
37 122
37 126
37 129
37 136
37 137
37 138
37 141
37 142
37 143
37 148
37 150
38 39
38 40
38 42
38 46
38 47
38 48
38 51
38 52
38 57
38 58
38 59
38 61
38 63
38 64
38 65
38 67
38 72
38 73
38 78
38 79
38 82
38 83
38 84
38 85
38 86
38 90
38 92
38 95
38 96
38 101
38 102
38 104
38 105
38 106
38 107
38 108
38 110
38 112
38 113
38 114
38 115
38 116
38 117
38 119
38 120
38 122
38 124
38 126
38 128
38 131
38 132
38 135
38 136
38 137
38 139
38 141
38 142
38 143
38 144
38 146
38 148
39 40
39 42
39 43
39 44
39 48
39 49
39 51
39 52
39 54
39 57
39 58
39 59
39 68
39 69
39 73
39 78
39 82
39 84
39 86
39 87
39 89
39 90
39 91
39 94
39 95
39 97
39 99
39 101
39 103
39 104
39 105
39 106
39 108
39 110
39 114
39 115
39 117
39 119
39 123
39 125
39 127
39 128
39 131
39 133
39 134
39 135
39 136
39 137
39 139
39 140
39 141
39 144
39 145
39 146
39 148
40 43
40 44
40 45
40 47
40 49
40 51
40 53
40 54
40 55
40 56
40 57
40 61
40 62
40 65
40 66
40 69
40 72
40 74
40 75
40 77
40 79
40 81
40 82
40 83
40 84
40 87
40 89
40 90
40 93
40 96
40 97
40 99
40 101
40 102
40 107
40 108
40 110
40 111
40 112
40 116
40 117
40 119
40 120
40 123
40 126
40 128
40 130
40 131
40 132
40 134
40 136
40 137
40 139
40 144
40 146
40 149
41 42
41 43
41 44
41 45
41 48
41 50
41 53
41 54
41 55
41 56
41 58
41 60
41 61
41 64
41 67
41 68
41 70
41 71
41 72
41 75
41 76
41 77
41 78
41 82
41 85
41 86
41 90
41 92
41 93
41 94
41 97
41 98
41 99
41 106
41 107
41 108
41 110
41 111
41 113
41 115
41 116
41 118
41 119
41 125
41 126
41 128
41 131
41 132
41 134
41 135
41 138
41 139
41 140
41 141
41 142
41 144
41 145
41 146
41 147
41 148
41 150
42 46
42 47
42 49
42 50
42 52
42 54
42 57
42 58
42 59
42 60
42 61
42 63
42 64
42 65
42 70
42 73
42 74
42 75
42 76
42 78
42 81
42 84
42 88
42 94
42 96
42 99
42 102
42 104
42 105
42 108
42 109
42 110
42 116
42 120
42 121
42 122
42 123
42 124
42 127
42 129
42 131
42 132
42 133
42 134
42 137
42 138
42 139
42 140
42 143
42 144
42 145
42 146
42 149
43 46
43 48
43 49
43 50
43 51
43 53
43 58
43 59
43 60
43 62
43 64
43 65
43 66
43 68
43 69
43 70
43 71
43 72
43 73
43 76
43 77
43 81
43 84
43 85
43 87
43 91
43 92
43 103
43 104
43 106
43 107
43 110
43 112
43 113
43 114
43 118
43 121
43 122
43 126
43 127
43 132
43 139
43 140
43 141
43 148
43 150
44 45
44 46
44 47
44 49
44 50
44 51
44 52
44 53
44 54
44 55
44 57
44 59
44 60
44 61
44 62
44 63
44 65
44 68
44 69
44 70
44 72
44 73
44 75
44 77
44 79
44 82
44 83
44 84
44 85
44 88
44 90
44 92
44 95
44 96
44 97
44 98
44 100
44 103
44 105
44 106
44 107
44 109
44 110
44 114
44 115
44 116
44 117
44 120
44 121
44 123
44 124
44 126
44 128
44 137
44 140
44 143
44 145
45 49
45 50
45 51
45 52
45 53
45 56
45 57
45 58
45 62
45 63
45 65
45 72
45 74
45 75
45 76
45 78
45 79
45 80
45 81
45 82
45 85
45 86
45 87
45 88
45 90
45 91
45 95
45 97
45 98
45 99
45 100
45 106
45 107
45 108
45 109
45 110
45 112
45 113
45 115
45 120
45 121
45 122
45 123
45 127
45 128
45 130
45 131
45 133
45 134
45 135
45 136
45 139
45 140
45 142
45 144
45 146
45 150
46 48
46 54
46 56
46 58
46 59
46 60
46 70
46 74
46 76
46 79
46 81
46 83
46 86
46 87
46 88
46 90
46 91
46 93
46 94
46 96
46 97
46 99
46 107
46 108
46 109
46 110
46 111
46 112
46 114
46 115
46 116
46 120
46 121
46 122
46 123
46 124
46 128
46 129
46 131
46 132
46 133
46 137
46 140
46 141
46 143
46 145
46 147
46 148
46 150
47 50
47 53
47 59
47 63
47 64
47 67
47 70
47 72
47 75
47 76
47 77
47 79
47 81
47 82
47 84
47 86
47 88
47 89
47 90
47 94
47 96
47 97
47 98
47 100
47 103
47 106
47 107
47 110
47 112
47 113
47 115
47 117
47 118
47 119
47 120
47 121
47 124
47 128
47 129
47 130
47 132
47 135
47 136
47 137
47 138
47 143
47 144
47 149
47 150
48 50
48 52
48 54
48 56
48 58
48 61
48 62
48 69
48 70
48 72
48 73
48 74
48 76
48 77
48 78
48 79
48 82
48 84
48 87
48 88
48 89
48 91
48 92
48 95
48 99
48 106
48 107
48 108
48 114
48 115
48 116
48 119
48 120
48 121
48 122
48 124
48 125
48 126
48 127
48 128
48 129
48 130
48 131
48 137
48 141
48 143
48 144
48 145
48 146
48 147
48 148
49 52
49 53
49 54
49 55
49 56
49 58
49 60
49 61
49 64
49 65
49 68
49 69
49 71
49 72
49 74
49 75
49 76
49 79
49 80
49 81
49 86
49 87
49 88
49 89
49 90
49 92
49 97
49 99
49 103
49 104
49 107
49 108
49 109
49 110
49 111
49 113
49 116
49 129
49 130
49 131
49 133
49 134
49 135
49 136
49 139
49 140
49 141
49 145
49 147
49 149
49 150
50 54
50 56
50 57
50 59
50 61
50 62
50 63
50 64
50 68
50 69
50 73
50 75
50 78
50 79
50 80
50 81
50 82
50 84
50 85
50 86
50 88
50 89
50 90
50 92
50 93
50 95
50 96
50 97
50 99
50 100
50 101
50 102
50 105
50 106
50 109
50 111
50 112
50 113
50 115
50 117
50 119
50 122
50 127
50 128
50 129
50 132
50 133
50 136
50 137
50 138
50 140
50 142
50 143
50 144
50 145
50 147
50 148
50 149
50 150
51 53
51 54
51 57
51 61
51 62
51 63
51 64
51 68
51 69
51 70
51 71
51 73
51 74
51 76
51 79
51 80
51 81
51 83
51 85
51 86
51 88
51 90
51 91
51 92
51 95
51 98
51 99
51 100
51 101
51 102
51 103
51 106
51 108
51 110
51 112
51 113
51 114
51 116
51 117
51 118
51 119
51 121
51 122
51 123
51 124
51 125
51 126
51 127
51 128
51 134
51 136
51 137
51 139
51 141
51 142
51 144
51 146
51 147
51 150
52 53
52 54
52 55
52 58
52 61
52 62
52 64
52 67
52 71
52 73
52 74
52 77
52 78
52 85
52 86
52 87
52 88
52 96
52 97
52 99
52 100
52 102
52 105
52 106
52 108
52 114
52 116
52 125
52 127
52 130
52 134
52 137
52 138
52 139
52 140
52 141
52 142
52 144
52 146
52 148
52 149
52 150
53 54
53 55
53 56
53 57
53 58
53 60
53 63
53 67
53 68
53 69
53 71
53 72
53 74
53 75
53 76
53 78
53 79
53 82
53 84
53 85
53 88
53 89
53 90
53 94
53 97
53 98
53 100
53 102
53 104
53 106
53 108
53 109
53 110
53 112
53 113
53 116
53 117
53 119
53 121
53 123
53 125
53 126
53 127
53 128
53 129
53 130
53 132
53 133
53 134
53 135
53 136
53 138
53 139
53 140
53 142
53 144
53 150
54 57
54 58
54 60
54 61
54 63
54 65
54 67
54 69
54 71
54 74
54 76
54 78
54 81
54 85
54 86
54 87
54 89
54 90
54 92
54 95
54 97
54 99
54 100
54 101
54 102
54 103
54 106
54 108
54 109
54 110
54 112
54 115
54 117
54 120
54 121
54 123
54 124
54 125
54 126
54 128
54 129
54 133
54 134
54 135
54 136
54 141
54 142
54 144
54 145
54 146
54 147
54 149
54 150
55 56
55 58
55 62
55 64
55 66
55 70
55 76
55 78
55 79
55 80
55 83
55 84
55 86
55 88
55 89
55 91
55 93
55 96
55 97
55 99
55 100
55 101
55 103
55 104
55 108
55 110
55 114
55 115
55 116
55 117
55 119
55 123
55 124
55 125
55 126
55 128
55 130
55 132
55 134
55 135
55 136
55 137
55 138
55 141
55 142
55 143
55 144
55 145
55 148
55 149
56 58
56 59
56 60
56 61
56 63
56 70
56 73
56 75
56 77
56 78
56 79
56 80
56 82
56 86
56 88
56 90
56 91
56 93
56 94
56 97
56 99
56 100
56 101
56 103
56 104
56 106
56 110
56 111
56 112
56 116
56 119
56 120
56 123
56 124
56 126
56 130
56 133
56 134
56 136
56 137
56 141
56 142
56 144
56 146
56 147
57 58
57 60
57 64
57 65
57 66
57 70
57 75
57 79
57 81
57 84
57 86
57 88
57 90
57 91
57 92
57 93
57 94
57 95
57 97
57 98
57 99
57 100
57 104
57 105
57 107
57 109
57 110
57 111
57 113
57 116
57 118
57 119
57 120
57 122
57 123
57 124
57 127
57 129
57 130
57 131
57 134
57 136
57 137
57 138
57 143
57 145
57 146
57 147
57 148
57 150
58 59
58 62
58 65
58 66
58 67
58 69
58 71
58 73
58 74
58 76
58 78
58 80
58 81
58 82
58 83
58 85
58 86
58 89
58 91
58 99
58 103
58 106
58 107
58 109
58 110
58 111
58 114
58 115
58 117
58 118
58 120
58 122
58 123
58 125
58 129
58 135
58 137
58 138
58 140
58 141
58 142
58 143
58 145
58 146
58 148
58 149
59 61
59 63
59 64
59 66
59 67
59 68
59 75
59 76
59 78
59 79
59 80
59 81
59 83
59 88
59 90
59 93
59 95
59 97
59 99
59 100
59 102
59 104
59 108
59 109
59 111
59 112
59 114
59 120
59 121
59 122
59 123
59 124
59 129
59 130
59 133
59 135
59 136
59 137
59 138
59 140
59 141
59 143
59 144
59 145
59 146
59 148
59 149
60 61
60 63
60 65
60 69
60 71
60 72
60 74
60 80
60 81
60 84
60 87
60 91
60 93
60 94
60 95
60 96
60 97
60 98
60 100
60 101
60 103
60 104
60 106
60 108
60 110
60 112
60 114
60 118
60 120
60 123
60 126
60 128
60 130
60 131
60 132
60 133
60 135
60 140
60 142
60 145
60 146
60 147
60 148
61 63
61 64
61 68
61 70
61 72
61 74
61 76
61 77
61 78
61 79
61 80
61 87
61 88
61 89
61 90
61 91
61 92
61 94
61 97
61 98
61 99
61 100
61 102
61 104
61 106
61 107
61 108
61 109
61 112
61 113
61 114
61 116
61 117
61 118
61 119
61 120
61 125
61 126
61 127
61 128
61 129
61 130
61 132
61 136
61 137
61 139
61 145
61 149
62 64
62 65
62 66
62 70
62 71
62 72
62 74
62 76
62 79
62 80
62 81
62 82
62 83
62 90
62 92
62 93
62 95
62 96
62 98
62 100
62 102
62 103
62 105
62 106
62 107
62 108
62 109
62 112
62 113
62 114
62 117
62 120
62 121
62 123
62 127
62 129
62 130
62 134
62 138
62 139
62 142
62 143
62 145
62 146
62 149
63 67
63 69
63 70
63 72
63 74
63 76
63 78
63 79
63 81
63 82
63 84
63 86
63 88
63 89
63 91
63 92
63 95
63 98
63 99
63 102
63 107
63 108
63 109
63 110
63 111
63 112
63 113
63 114
63 116
63 119
63 121
63 124
63 125
63 130
63 131
63 132
63 133
63 134
63 135
63 137
63 140
63 141
63 142
63 143
63 148
64 68
64 69
64 70
64 71
64 72
64 75
64 77
64 78
64 80
64 83
64 84
64 85
64 86
64 89
64 91
64 92
64 94
64 95
64 97
64 98
64 99
64 100
64 103
64 105
64 108
64 110
64 111
64 112
64 116
64 117
64 118
64 120
64 121
64 122
64 123
64 124
64 125
64 126
64 128
64 129
64 130
64 131
64 133
64 134
64 135
64 136
64 137
64 139
64 141
64 142
64 147
64 148
64 149
64 150
65 66
65 71
65 77
65 78
65 81
65 82
65 84
65 87
65 88
65 90
65 91
65 92
65 93
65 94
65 95
65 97
65 98
65 100
65 101
65 103
65 106
65 107
65 112
65 113
65 115
65 117
65 120
65 124
65 132
65 135
65 139
65 140
65 141
65 142
65 146
65 148
65 150
66 67
66 71
66 74
66 75
66 83
66 88
66 89
66 91
66 93
66 94
66 98
66 99
66 100
66 102
66 103
66 104
66 105
66 114
66 116
66 117
66 119
66 122
66 124
66 125
66 127
66 132
66 137
66 138
66 139
66 142
66 143
66 144
66 147
66 148
67 69
67 71
67 72
67 73
67 75
67 76
67 77
67 78
67 79
67 81
67 83
67 85
67 87
67 88
67 90
67 91
67 92
67 93
67 94
67 95
67 96
67 100
67 103
67 104
67 106
67 111
67 115
67 116
67 117
67 119
67 120
67 124
67 125
67 127
67 129
67 130
67 131
67 134
67 139
67 143
67 144
67 145
67 148
67 149
67 150
68 69
68 70
68 73
68 74
68 75
68 76
68 77
68 80
68 84
68 85
68 86
68 87
68 91
68 92
68 97
68 99
68 101
68 104
68 105
68 106
68 110
68 112
68 113
68 114
68 118
68 120
68 122
68 123
68 124
68 126
68 127
68 129
68 130
68 131
68 132
68 133
68 135
68 137
68 138
68 141
68 143
68 145
68 146
68 147
68 149
68 150
69 70
69 71
69 73
69 75
69 76
69 77
69 78
69 85
69 86
69 90
69 93
69 94
69 96
69 97
69 98
69 100
69 101
69 102
69 104
69 107
69 110
69 111
69 114
69 115
69 116
69 117
69 118
69 121
69 122
69 128
69 130
69 131
69 134
69 136
69 138
69 139
69 141
69 142
69 145
69 149
69 150
70 71
70 73
70 76
70 80
70 81
70 82
70 90
70 92
70 94
70 95
70 97
70 99
70 100
70 101
70 102
70 103
70 106
70 107
70 110
70 112
70 113
70 114
70 120
70 122
70 125
70 130
70 136
70 137
70 138
70 139
70 140
70 144
70 145
70 146
70 148
70 149
71 72
71 75
71 76
71 77
71 79
71 83
71 84
71 89
71 95
71 96
71 97
71 99
71 104
71 105
71 107
71 109
71 111
71 112
71 115
71 116
71 117
71 118
71 121
71 122
71 124
71 125
71 126
71 127
71 130
71 131
71 132
71 133
71 134
71 135
71 136
71 137
71 138
71 140
71 142
71 145
71 146
71 147
72 75
72 76
72 77
72 78
72 79
72 80
72 81
72 84
72 85
72 87
72 90
72 91
72 93
72 94
72 95
72 96
72 97
72 98
72 99
72 102
72 103
72 104
72 105
72 107
72 109
72 114
72 117
72 118
72 120
72 123
72 125
72 128
72 129
72 130
72 132
72 133
72 137
72 139
72 146
72 148
72 149
72 150
73 74
73 75
73 77
73 78
73 81
73 82
73 83
73 85
73 86
73 87
73 88
73 93
73 94
73 98
73 100
73 101
73 102
73 103
73 104
73 105
73 106
73 107
73 110
73 111
73 115
73 117
73 118
73 119
73 120
73 121
73 126
73 127
73 134
73 135
73 136
73 141
73 144
73 145
73 146
73 147
74 75
74 76
74 83
74 92
74 93
74 97
74 98
74 102
74 104
74 105
74 108
74 109
74 110
74 111
74 113
74 114
74 117
74 122
74 124
74 126
74 127
74 129
74 130
74 132
74 134
74 138
74 139
74 147
75 77
75 80
75 81
75 82
75 83
75 84
75 86
75 88
75 90
75 91
75 93
75 94
75 96
75 97
75 99
75 100
75 101
75 103
75 105
75 106
75 109
75 110
75 112
75 116
75 117
75 118
75 123
75 126
75 130
75 134
75 137
75 138
75 139
75 144
75 145
75 147
75 148
76 77
76 80
76 84
76 86
76 88
76 89
76 90
76 91
76 93
76 94
76 95
76 97
76 103
76 104
76 105
76 107
76 109
76 111
76 112
76 113
76 114
76 116
76 119
76 123
76 125
76 126
76 127
76 130
76 132
76 134
76 136
76 142
76 143
76 144
76 145
76 148
76 150
77 78
77 79
77 80
77 83
77 85
77 87
77 90
77 91
77 92
77 97
77 98
77 100
77 101
77 103
77 104
77 108
77 109
77 110
77 111
77 119
77 122
77 126
77 127
77 129
77 131
77 132
77 138
77 142
77 143
77 144
77 145
77 147
77 150
78 79
78 82
78 84
78 86
78 87
78 88
78 89
78 92
78 93
78 94
78 95
78 96
78 97
78 98
78 99
78 102
78 103
78 105
78 109
78 111
78 113
78 115
78 116
78 117
78 119
78 121
78 122
78 123
78 127
78 129
78 130
78 137
78 138
78 139
78 140
78 142
78 143
78 144
78 146
78 148
78 150
79 80
79 84
79 85
79 90
79 91
79 93
79 98
79 99
79 100
79 101
79 102
79 105
79 107
79 114
79 115
79 119
79 121
79 122
79 123
79 126
79 128
79 130
79 131
79 132
79 135
79 137
79 138
79 140
79 141
79 142
79 143
79 144
79 145
79 148
79 149
79 150
80 81
80 82
80 83
80 89
80 92
80 94
80 95
80 97
80 98
80 99
80 100
80 108
80 109
80 112
80 114
80 115
80 121
80 122
80 123
80 124
80 125
80 126
80 127
80 132
80 133
80 134
80 136
80 138
80 139
80 140
80 141
80 143
80 144
80 147
80 149
80 150
81 86
81 89
81 90
81 92
81 93
81 94
81 96
81 97
81 99
81 100
81 102
81 103
81 104
81 105
81 106
81 107
81 109
81 110
81 113
81 115
81 116
81 117
81 119
81 120
81 121
81 122
81 123
81 124
81 125
81 127
81 130
81 131
81 135
81 136
81 137
81 140
81 150
82 87
82 90
82 93
82 94
82 96
82 98
82 99
82 102
82 104
82 106
82 107
82 108
82 112
82 115
82 120
82 121
82 123
82 129
82 130
82 131
82 134
82 135
82 137
82 138
82 139
82 141
82 142
82 143
82 145
82 146
82 148
82 149
83 84
83 85
83 87
83 88
83 90
83 93
83 95
83 96
83 100
83 105
83 106
83 107
83 108
83 115
83 120
83 124
83 127
83 129
83 130
83 132
83 133
83 134
83 135
83 141
83 142
83 144
83 147
83 148
83 150
84 85
84 88
84 90
84 91
84 92
84 93
84 94
84 97
84 98
84 99
84 102
84 103
84 104
84 105
84 106
84 108
84 110
84 112
84 113
84 115
84 116
84 117
84 119
84 121
84 123
84 124
84 125
84 127
84 129
84 132
84 133
84 134
84 135
84 138
84 139
84 149
85 86
85 87
85 88
85 89
85 91
85 92
85 95
85 96
85 97
85 98
85 101
85 102
85 105
85 107
85 112
85 113
85 114
85 115
85 116
85 118
85 121
85 123
85 124
85 129
85 132
85 134
85 135
85 137
85 142
85 147
86 88
86 89
86 91
86 93
86 94
86 95
86 99
86 100
86 101
86 102
86 105
86 106
86 109
86 111
86 112
86 113
86 114
86 116
86 117
86 118
86 120
86 122
86 124
86 125
86 127
86 129
86 131
86 132
86 135
86 137
86 138
86 139
86 143
86 145
86 147
86 148
86 149
87 88
87 89
87 90
87 91
87 92
87 95
87 96
87 97
87 100
87 101
87 102
87 103
87 105
87 107
87 108
87 113
87 120
87 121
87 123
87 125
87 126
87 135
87 139
87 140
87 142
87 145
87 146
87 147
87 148
87 149
87 150
88 89
88 91
88 93
88 94
88 95
88 96
88 97
88 98
88 100
88 101
88 103
88 105
88 108
88 109
88 110
88 111
88 113
88 115
88 117
88 118
88 119
88 121
88 122
88 123
88 124
88 125
88 129
88 132
88 133
88 138
88 139
88 140
88 142
88 143
88 145
88 146
88 148
88 150
89 95
89 97
89 102
89 103
89 107
89 111
89 112
89 113
89 115
89 116
89 118
89 120
89 121
89 122
89 123
89 124
89 127
89 129
89 131
89 133
89 136
89 138
89 139
89 140
89 143
89 144
89 145
89 147
89 150
90 92
90 93
90 94
90 95
90 96
90 97
90 99
90 101
90 102
90 104
90 105
90 106
90 109
90 111
90 112
90 116
90 118
90 122
90 123
90 124
90 126
90 127
90 131
90 132
90 136
90 137
90 138
90 142
90 145
90 150
91 93
91 94
91 95
91 96
91 97
91 99
91 103
91 106
91 108
91 111
91 112
91 114
91 115
91 117
91 118
91 121
91 125
91 126
91 131
91 132
91 136
91 141
91 142
91 143
91 146
91 147
91 148
91 149
91 150
92 94
92 97
92 98
92 103
92 104
92 105
92 107
92 110
92 114
92 115
92 116
92 117
92 119
92 121
92 122
92 125
92 128
92 133
92 134
92 135
92 138
92 139
92 141
92 143
92 144
92 145
92 147
92 148
92 149
93 96
93 97
93 99
93 101
93 102
93 103
93 105
93 106
93 107
93 108
93 109
93 111
93 112
93 115
93 117
93 119
93 121
93 122
93 123
93 125
93 126
93 127
93 129
93 132
93 135
93 137
93 139
93 141
93 145
93 148
93 150
94 95
94 96
94 99
94 100
94 101
94 102
94 104
94 106
94 107
94 111
94 113
94 114
94 115
94 116
94 120
94 121
94 123
94 124
94 128
94 130
94 132
94 133
94 135
94 136
94 140
94 141
94 143
94 145
94 146
94 147
94 149
94 150
95 97
95 98
95 101
95 104
95 105
95 107
95 108
95 110
95 114
95 116
95 117
95 119
95 120
95 121
95 123
95 124
95 128
95 129
95 130
95 131
95 132
95 133
95 137
95 138
95 141
95 143
95 146
95 148
95 149
95 150
96 97
96 98
96 99
96 100
96 103
96 104
96 106
96 108
96 111
96 113
96 115
96 116
96 117
96 121
96 128
96 129
96 130
96 131
96 132
96 133
96 135
96 136
96 137
96 139
96 142
96 143
96 144
96 146
96 149
96 150
97 105
97 106
97 109
97 110
97 111
97 115
97 116
97 117
97 119
97 122
97 124
97 125
97 127
97 129
97 132
97 133
97 135
97 138
97 140
97 143
97 144
97 147
97 149
98 99
98 102
98 104
98 105
98 107
98 108
98 109
98 112
98 113
98 115
98 116
98 120
98 121
98 122
98 124
98 125
98 126
98 128
98 131
98 132
98 135
98 136
98 137
98 138
98 140
98 145
98 147
98 150
99 107
99 109
99 110
99 111
99 112
99 113
99 114
99 118
99 119
99 121
99 128
99 129
99 133
99 137
99 138
99 141
99 142
99 144
99 146
99 148
99 150
100 102
100 105
100 106
100 107
100 108
100 109
100 110
100 111
100 112
100 114
100 115
100 121
100 127
100 128
100 130
100 132
100 137
100 138
100 142
100 143
100 144
100 148
100 149
100 150
101 102
101 106
101 108
101 109
101 112
101 115
101 116
101 122
101 123
101 125
101 127
101 130
101 131
101 133
101 134
101 138
101 141
101 144
101 146
101 147
101 149
101 150
102 103
102 105
102 106
102 107
102 108
102 109
102 111
102 113
102 116
102 119
102 123
102 125
102 127
102 128
102 132
102 133
102 138
102 142
102 143
102 144
102 148
102 150
103 105
103 106
103 108
103 109
103 110
103 113
103 114
103 115
103 117
103 121
103 125
103 126
103 127
103 129
103 130
103 131
103 133
103 136
103 137
103 138
103 142
103 143
103 145
103 147
104 108
104 109
104 110
104 116
104 117
104 118
104 119
104 120
104 121
104 123
104 125
104 128
104 133
104 134
104 135
104 137
104 139
104 140
104 141
104 143
104 145
104 146
104 147
104 148
105 107
105 108
105 109
105 110
105 111
105 112
105 113
105 114
105 115
105 116
105 123
105 124
105 127
105 128
105 132
105 133
105 134
105 135
105 136
105 138
105 144
105 145
106 107
106 109
106 110
106 111
106 113
106 114
106 117
106 119
106 123
106 124
106 128
106 132
106 133
106 135
106 136
106 138
106 141
106 142
106 143
106 150
107 108
107 109
107 110
107 112
107 113
107 116
107 119
107 122
107 124
107 127
107 129
107 130
107 131
107 134
107 136
107 140
107 141
107 142
107 146
107 147
107 148
107 149
108 112
108 117
108 119
108 122
108 123
108 124
108 130
108 132
108 133
108 135
108 140
108 144
108 148
109 111
109 114
109 115
109 117
109 118
109 120
109 122
109 125
109 127
109 129
109 132
109 133
109 136
109 137
109 138
109 143
109 144
109 147
109 148
109 149
110 113
110 115
110 118
110 119
110 120
110 122
110 124
110 125
110 127
110 128
110 131
110 132
110 133
110 136
110 139
110 140
110 141
110 142
110 144
110 145
110 146
110 148
110 150
111 114
111 117
111 118
111 119
111 122
111 123
111 124
111 125
111 126
111 127
111 131
111 133
111 134
111 135
111 137
111 146
111 150
112 114
112 115
112 119
112 120
112 124
112 127
112 129
112 134
112 135
112 138
112 140
112 141
112 143
112 144
112 146
112 148
112 149
113 115
113 116
113 118
113 119
113 120
113 122
113 129
113 131
113 134
113 135
113 136
113 138
113 140
113 145
113 148
113 150
114 115
114 118
114 122
114 123
114 124
114 127
114 128
114 130
114 131
114 132
114 133
114 135
114 136
114 138
114 139
114 140
114 141
114 142
114 144
114 145
114 146
114 147
114 148
114 150
115 118
115 119
115 120
115 122
115 123
115 127
115 128
115 131
115 134
115 135
115 136
115 137
115 138
115 140
115 141
115 142
115 145
115 148
115 149
115 150
116 117
116 122
116 124
116 125
116 127
116 129
116 131
116 133
116 134
116 135
116 137
116 138
116 139
116 141
116 142
116 144
116 146
116 147
116 150
117 120
117 127
117 128
117 129
117 131
117 132
117 133
117 134
117 136
117 137
117 140
117 141
117 144
117 145
117 149
117 150
118 119
118 120
118 123
118 125
118 128
118 131
118 132
118 133
118 134
118 136
118 137
118 138
118 141
118 145
118 146
118 147
118 148
119 120
119 122
119 123
119 125
119 127
119 129
119 131
119 135
119 137
119 139
119 141
119 142
119 144
119 145
119 147
119 150
120 122
120 125
120 126
120 127
120 128
120 129
120 133
120 134
120 135
120 136
120 139
120 142
120 144
120 145
120 146
120 147
120 149
121 124
121 125
121 126
121 127
121 128
121 129
121 130
121 132
121 133
121 134
121 138
121 142
121 149
122 123
122 130
122 131
122 132
122 133
122 134
122 137
122 139
122 140
122 141
122 142
122 145
122 148
122 149
122 150
123 124
123 126
123 127
123 128
123 129
123 130
123 131
123 134
123 135
123 136
123 137
123 139
123 140
123 141
123 142
123 143
123 147
123 150
124 125
124 126
124 129
124 131
124 132
124 133
124 134
124 137
124 138
124 139
124 145
124 146
124 149
124 150
125 131
125 132
125 133
125 135
125 140
125 143
125 147
125 148
125 149
125 150
126 129
126 131
126 132
126 133
126 135
126 137
126 138
126 139
126 143
126 145
126 148
126 149
126 150
127 129
127 132
127 133
127 134
127 136
127 137
127 139
127 143
127 144
127 147
127 148
127 149
128 130
128 134
128 136
128 139
128 142
128 144
128 147
128 148
129 131
129 133
129 137
129 138
129 139
129 141
129 143
129 144
129 146
129 148
129 149
130 132
130 134
130 135
130 139
130 140
130 143
130 145
130 146
130 150
131 132
131 133
131 134
131 138
131 141
131 142
131 143
131 144
131 146
131 150
132 135
132 136
132 139
132 145
132 147
132 149
133 135
133 141
133 142
133 143
133 144
133 145
133 148
133 149
134 136
134 138
134 141
134 144
134 145
134 149
135 138
135 140
135 141
135 142
135 145
135 146
135 147
136 138
136 139
136 140
136 141
136 142
136 143
136 144
136 147
136 149
136 150
137 138
137 141
137 143
137 144
137 146
137 147
137 149
137 150
138 147
138 148
139 141
139 143
139 144
139 146
139 147
140 145
140 147
140 148
140 149
141 149
141 150
142 143
142 146
142 147
142 150
143 147
143 148
143 150
144 145
144 148
145 146
145 148
146 147
146 148
146 149
146 150
